  0.0000000e+000  7.7000000e-002  7.7000000e-002
  9.1503800e+003  9.0200000e-001  9.0200000e-001
  2.1581090e+004  8.3600000e-001  8.3600000e-001
  2.6164130e+004  1.1660000e+000  1.1660000e+000
  3.3227030e+004  9.0200000e-001  9.0200000e-001
  4.2502980e+004  1.5620000e+000  1.5620000e+000
  5.2312570e+004  2.5520000e+000  2.5520000e+000
  5.4274480e+004  2.5520000e+000  2.5520000e+000
  6.5402480e+004  1.0670000e+000  1.0670000e+000
  7.8476700e+004  2.4200000e-001  2.4200000e-001
  8.5021650e+004  2.4200000e-001  2.4200000e-001
  9.1550910e+004  5.7200000e-001  5.7200000e-001
  9.8095870e+004  1.0670000e+000  1.0670000e+000
  1.0464083e+005  6.7100000e-001  6.7100000e-001
  1.1117009e+005 -4.1800000e-001 -4.1800000e-001
