Station,Depth,Latitude,Longitude
21413,5827,30.5460,152.1140
21414,5406,48.9506,178.2836
21416,5731,48.0456,163.4906
21419,5287,44.3044,155.7350
32411,3245,4.9242,-90.6858
32412,4326,-17.9719,-86.3919
46402,4713,51.0694,-164.0106
46403,4512,52.6355,-156.9328
46404,2738,45.8628,-128.7736
46409,4191,55.3011,-148.4947
46411,4265,39.3271,-127.0130
46413,3468,48.3050,-174.2120
46419,2773,48.4785,-129.3593
51406,4500,-8.4925,-125.0214
51407,4681,19.6268,-156.5192
51425,4962,-9.5013,-176.2468
51426,5700,-23.0068,-168.1114
52401,5571,19.2561,155.7569
52402,5839,1.7405,154.2173
52403,4436,4.0232,145.5805
52404,5926,20.9478,132.3122
52405,5919,12.8814,132.3346
54401,5836,-33.0050,-172.9850
